R[h,喼,ȖڃR[h,Ȗږ,⏕ȖڃR[h,⏕Ȗږ,Oc,ؕz,ݕz,c
,,152,|,1416,żިݸ,54230,0,54230,0
,,152,|,1472,ެگ,0,36154,0,36154
,,152,|,1482,FVެ,753095,700342,86769,1366668
,,152,|,1493,m,9038,0,9038,0
,,152,|,1552,ɓ,36154,18077,36154,18077
,,152,|,1583,ްѱݽ,10368,3300,10368,3300
,,152,|,5006,̔,0,23336,0,23336
,,152,|,5011,fi(,46800,34800,81600,0
,,152,|,5014,޽(Ј,94640,59179,94640,59179
,,152,|,5015,߽(Ј),4835483,2168879,4707321,2297041
,,152,|,5050,TZv,29219838,0,9434886,19784952
,,152,|,6002,رļެK.,904240,490325,461300,933265
,,152,|,6003,NTTްުƸ,670780,787097,670780,787097
,,152,|,6006,ƴïެ,168546,122245,86026,204765
,,152,|,6008,ȯĲż,95040,99660,95040,99660
,,152,|,6013,òެ,510193,345675,292111,563757
,,152,|,6016,ذټެ,99360,110000,99360,110000
,,152,|,6017,NTTް,558184,730777,558184,730777
,,152,|,6018,ɱڼެ,0,36300,36300,0
,,152,|,6020,ެއ,351094,175982,183768,343308
,,152,|,6021,ް޸ڽ,250884,286094,250884,286094
,,152,|,6024,ٺر,125755,112200,125755,112200
,,152,|,6025,ާĥ޼,49096,49500,49096,49500
,,152,|,6031,_è,57160,54837,57160,54837
,,152,|,6032,Ƽ޷H|,69683,35200,69683,35200
,,152,|,6034,cӕa@,79056,80025,79056,80025
,,152,|,6037,޵حެ,200327,328844,200327,328844
,,152,|,6038,{,0,57853,57853,0
,,152,|,6040,{ϸ,1279994,1320000,1279994,1320000
,,152,|,6055,NHKިøۼ,246240,250800,246240,250800
,,152,|,6060,ް޸ڽĺЭ,90936,97944,90936,97944
,,152,|,6063,S󏤎,481893,1805117,481893,1805117
,,152,|,6067,oBP,12809564,6349281,6482710,12676135
,,152,|,6072,گޥҲݥ,825755,1225441,825755,1225441
,,152,|,6073,دøۼ,234910,387123,234910,387123
,,152,|,6074,,29020586,29151609,29020586,29151609
,,152,|,6075,ZF̨ݼ,886263,953110,886263,953110
,,152,|,6077,OHH@,306212,555983,306212,555983
,,152,|,6080,ؽݽ,332586,371635,332586,371635
,,152,|,6083,ȵï,25380,25850,25380,25850
,,152,|,6089,ANA@FESTA,924067,1145809,924067,1145809
,,152,|,6091,ɰѾޏp,268434,286158,268434,286158
,,152,|,6092,S󏤎ޭ,180131,238873,180131,238873
,,152,|,6093,ٴǼްެ,312783,334624,312783,334624
,,152,|,6097,ȸ,27000,27500,27000,27500
,,152,|,6106,ެݵȯܰ,197694,264979,197694,264979
,,152,|,6108,޽ݻę̀,1132952,1213564,0,2346516
,,152,|,6109,ANA̰,479293,540509,479293,540509
,,152,|,6113,Ҳ۲޽ذ,84024,91275,84024,91275
,,152,|,6140,հްެ,1388847,1824033,1388847,1824033
,,152,|,6146,7office,439668,209990,242784,406874
,,152,|,6147,ު,0,11563,0,11563
,,152,|,6154,ſƸݼϰ,1018553,1050897,1018553,1050897
,,152,|,6156,ï,0,36907,36907,0
,,152,|,6159,¥ʳ,166291,177712,166291,177712
,,152,|,6167,ިټެ,3664000,1870000,1836000,3698000
,,152,|,6169,,91908,77550,91908,77550
,,152,|,6178,Twelve,2019562,2809645,2478370,2350837
,,152,|,6190,ݼِ,9059056,7168730,8978056,7249730
,,152,|,6196,۰ިE,379782,424534,379782,424534
,,152,|,6212,MF KESSA,670593,956511,670593,956511
,,152,|,6213,{ȳ,7396853,2535282,4926330,5005805
,,152,|,6229,ڲ޻,330777,269924,330777,269924
,,152,|,6235,SCSK,574317,474966,346437,702846
,,152,|,6239,Ұ,154548,212036,154548,212036
,,152,|,6243,ï,918000,935000,918000,935000
,,152,|,6258,U,77071,77876,77071,77876
,,152,|,6263,ѵï,0,70130,0,70130
,,152,|,6264,۽߸,261306,270545,261306,270545
,,152,|,6266,쑺sY,293328,298760,293328,298760
,,152,|,6275,Э,797804,788366,797804,788366
,,152,|,6277,ޯļެ݇,7665012,2199189,1719210,8144991
,,152,|,6279,޸,327564,333245,327564,333245
,,152,|,6287,یl,51678,52635,51678,52635
,,152,|,6288,{އ,586266,316716,340372,562610
,,152,|,6289,ި,99766,98761,99766,98761
,,152,|,6291,ϰ,15023251,13376665,12425321,15974595
,,152,|,6295,NAKAMURA(USA)I,62100,70930,62100,70930
,,152,|,6304,,1418147,1430970,1418147,1430970
,,152,|,6312,ؽݥϯ٥ް,79974,88220,79974,88220
,,152,|,6323,{ٷް,91044,131384,91044,131384
,,152,|,6332,ίޯ,70740,70950,70740,70950
,,152,|,6333,}K,369187,411470,369187,411470
,,152,|,6334,){wpU,344736,351120,344736,351120
,,152,|,6339,YƗm,94500,99550,94500,99550
,,152,|,6342,sذ,43200,44000,43200,44000
,,152,|,6344,ϰد,299422,478104,299422,478104
,,152,|,6347,èެ݇,119232,176862,119232,176862
,,152,|,6348,){fՕ,8046000,8800000,8046000,8800000
,,152,|,6352,ϰ,259193,277436,274097,262532
,,152,|,6364,{Ͽ݇,465760,513986,465760,513986
,,152,|,6365,Q,19440,19800,19440,19800
,,152,|,6366,,97254,89815,97254,89815
,,152,|,6368,׼޵Ұ,404327,504167,404327,504167
,,152,|,6369,ه,46980,47850,46980,47850
,,152,|,6370,NI̔,16200,16500,16200,16500
,,152,|,6396,ްձޯذ,402455,488716,402455,488716
,,152,|,6400,݌v,72900,74250,72900,74250
,,152,|,6407,)Ȋw,692548,742529,692548,742529
,,152,|,6413,JVCݳΰ,3174680,2749186,2699200,3224666
,,152,|,6428,ȯć,215136,222420,215136,222420
,,152,|,6431,C,845369,1067879,843369,1069879
,,152,|,6433,įȼ,141134,157124,141134,157124
,,152,|,6441,ۋ͋s,777600,792000,777600,792000
,,152,|,6448,{،øۼ,458362,509344,458362,509344
,,152,|,6449,{s,1069200,1089000,0,2158200
,,152,|,6451,ö,1247007,1288795,1247007,1288795
,,152,|,6452,ظٰķرݻ,344638,186296,344638,186296
,,152,|,6457,ӽӱ,3310200,3411100,3310200,3411100
,,152,|,6469,ݸ,295174,430133,295174,430133
,,152,|,6471,ƭ,2638197,3651780,1375250,4914727
,,152,|,6477,){ۋ,37800,38500,37800,38500
,,152,|,6479,٥ٰ޼ެ(,578059,794816,578059,794816
,,152,|,6482,ðĽذĐM,830160,884368,830160,884368
,,152,|,6483,رĐG},498419,236049,252428,482040
,,152,|,6488,pandaFlightA,85870,95029,85870,95029
,,152,|,6489,گ݇,139320,127050,139320,127050
,,152,|,6490,߲ć,315900,321750,315900,321750
,,152,|,6498,mediba,410832,558250,410832,558250
,,152,|,6499,ABB,10347696,5221425,4769766,10799355
,,152,|,6501,DXCøۼްެ,86178,90388,86178,90388
,,152,|,6514,ު,5258628,2655840,2648916,5265552
,,152,|,6518,ײı,459026,496144,459026,496144
,,152,|,6520,{̲¼ԇ,220644,307615,220644,307615
,,152,|,6521,̺,374680,417607,374680,417607
,,152,|,6522,ײ,486000,247500,243000,490500
,,152,|,6523,ݸذެ,4111879,939770,4111879,939770
,,152,|,6525,ٰ߾޼ެ,251046,295262,251046,295262
,,152,|,6526,׻ٕsY,1075950,1108250,1075950,1108250
,,152,|,6527,ض޸,1570114,1530170,1570114,1530170
,,152,|,6532,{мԇ,520510,568770,520510,568770
,,152,|,6534,IQVIA޼,907200,462000,453600,915600
,,152,|,6535,VFSJ,281880,162000,281880,162000
,,152,|,6536,øɇ,453600,462000,453600,462000
,,152,|,6537,Űއ,231120,235400,231120,235400
,,152,|,6539,٥Ӱ,1666872,1655720,1666872,1655720
,,152,|,6542,׽Ѽު,3527182,2418636,1188000,4757818
,,152,|,6546,ح,253800,258500,253800,258500
,,152,|,6554,̨,28576,28809,28576,28809
,,152,|,6555,ERی,216712,204974,216712,204974
,,152,|,6565,OsY,83700,93060,83700,93060
,,152,|,6568,)Fq,21859200,27334400,21859200,27334400
,,152,|,6580,ި,8111097,8213315,8111097,8213315
,,152,|,6586,ް,91355,0,91355,0
,,152,|,6587,ܰŰòļ,4141240,1941270,2108900,3973610
,,152,|,6589,ȼĿح,1208750,1302539,1208750,1302539
,,152,|,6597,MRT,85320,81400,85320,81400
,,152,|,6600,ܰެ,112110,161843,112110,161843
,,152,|,6602,ׯ,163512,136620,163512,136620
,,152,|,6607,ݼ٥,864000,660000,864000,660000
,,152,|,6613,ں̫,52920,55000,52920,55000
,,152,|,6619,ȯ,20218,20460,20218,20460
,,152,|,6625,ް,345211,347776,345211,347776
,,152,|,6629,ײ,292923,183920,292923,183920
,,152,|,6632,݂炢zZ,27540,303464,27540,303464
,,152,|,6633,ײè,896028,1143810,896028,1143810
,,152,|,6635,؏,233118,296725,233118,296725
,,152,|,6636,޼ޮ݇,570628,887843,570628,887843
,,152,|,6649,ި,27410,28809,27410,28809
,,152,|,6651,ۼެ,8991887,9186690,8991887,9186690
,,152,|,6655,VW-GJ,2168748,1239370,1569564,1838554
,,152,|,6664,ȯĽ,190188,240603,190188,240603
,,152,|,6665,Eެ,125064,165990,125064,165990
,,152,|,6668,ǫè,1469071,1430924,1469071,1430924
,,152,|,6671,j,0,594000,0,594000
,,152,|,6672,ظٰȼ,3456000,3520000,3456000,3520000
,,152,|,6674,Supership,292572,544445,292572,544445
,,152,|,6676,}sdS,3304800,1848000,1555200,3597600
,,152,|,6682,syn.HD,314474,432256,314474,432256
,,152,|,6684,ڽ,64800,66000,64800,66000
,,152,|,6685,BASFެ,902209,267861,302367,867703
,,152,|,6688,,1471404,1317026,1471404,1317026
,,152,|,6689,UNICO,77176,121517,77176,121517
,,152,|,6698,ZǗ,434882,446468,434882,446468
,,152,|,6702,̓mذ,166069,165294,166069,165294
,,152,|,6703,,281368,506135,281368,506135
,,152,|,6705,,2798280,2855120,2798280,2855120
,,152,|,6707,,133779,88000,90579,131200
,,152,|,6710,è,661237,617450,243818,1034869
,,152,|,6718,x,415702,457160,415702,457160
,,152,|,6721,رĹжٽ,334010,134750,17010,451750
,,152,|,6722,دi,548419,605165,548419,605165
,,152,|,6725,S󏤎,5717,4281,5717,4281
,,152,|,6727,JVC,983000,1118377,983000,1118377
,,152,|,6733,ïż,346086,442673,346086,442673
,,152,|,6735,ܯغ,150962,254958,172562,233358
,,152,|,6737,ܯжٽ޲,21600,22000,21600,22000
,,152,|,6738,ުزݼ,65448,71600,65448,71600
,,152,|,6744,GMO߰Ű,648000,660000,648000,660000
,,152,|,6747,ޯݼެ,208332,106150,208332,106150
,,152,|,6748,lȼ,79704,113520,79704,113520
,,152,|,6750,ɓ,1511881,1552921,1511881,1552921
,,152,|,6754,BASFװ&̪,152820,85800,76140,162480
,,152,|,6755,Y,39636,43670,39636,43670
,,152,|,6759,,164268,192830,164268,192830
,,152,|,6760,ĉj,108000,110000,108000,110000
,,152,|,6766,˭ݻݽ,0,1243414,0,1243414
,,152,|,6768,ټް,3562299,1745947,1772604,3535642
,,152,|,6771,ϲݐ,1836000,935000,918000,1853000
,,152,|,6776,صø,334152,135575,334152,135575
,,152,|,6782,رİ,220730,226024,220730,226024
,,152,|,6791,ذ,187174,265144,187174,265144
,,152,|,6792,ϯ޺ެ,267516,254188,267516,254188
,,152,|,6803,øɽ,2013782,2303766,2013782,2303766
,,152,|,6806,ްѽ,250020,209440,250020,209440
,,152,|,6809,剤,426600,434500,426600,434500
,,152,|,6814,ظٰļޮ޽,357080,407000,357080,407000
,,152,|,6815,ԺԍH,345891,525514,345891,525514
,,152,|,6826,{ײ,972000,990000,972000,990000
,,152,|,6828,ޥެ,3696327,4188787,3696327,4188787
,,152,|,6829,Яĥ۰٥,43200,45100,43200,45100
,,152,|,6830,޵ȯܰ,251078,280214,251078,280214
,,152,|,6834,İ,213840,217800,213840,217800
,,152,|,6837,Momentum,63396,81950,63396,81950
,,152,|,6839,ȸļު,371865,363385,371865,363385
,,152,|,6840,ѽð,554774,565972,554774,565972
,,152,|,6841,ʰ,527322,491249,527322,491249
,,152,|,6843,{,184161,229075,184161,229075
,,152,|,6845,ATư,491022,933625,491022,933625
,,152,|,6846,ӥެ,190512,194040,190512,194040
,,152,|,6850,̨ ެ,2072370,2048769,954450,3166689
,,152,|,6853,{ޱ,519413,528000,519413,528000
,,152,|,6854,׸,0,98670,0,98670
,,152,|,6855,бӰ,103680,105600,103680,105600
,,152,|,6856,ٯèެ,486000,495000,486000,495000
,,152,|,6858,ƴ,1033782,1481161,0,2514943
,,152,|,6861,ص,117828,123090,117828,123090
,,152,|,6862,̧,1069200,2211275,1069200,2211275
,,152,|,6863,,38556,42790,38556,42790
,,152,|,6866,Ɋy,263250,263250,263250,263250
,,152,|,6867,ΰިݸ޽,51602,77550,51602,77550
,,152,|,6871,ڸƸ,738064,763118,738064,763118
,,152,|,6872,,227620,231492,227620,231492
,,152,|,6874,޲,567100,660075,567100,660075
,,152,|,6875,ұ߰¼ެ,890600,870694,890600,870694
,,152,|,6877,ɓlJ,702000,0,702000,0
,,152,|,6878,ײ̽ٸ,1552262,1598784,1552262,1598784
,,152,|,6879,ίݸ,864000,880000,864000,880000
,,152,|,6880,GMOح߰,181440,184800,181440,184800
,,152,|,6884,èݸ̫,60480,61600,60480,61600
,,152,|,6893,Delta Values,570240,290400,285120,575520
,,152,|,6897,,3888000,12225829,3888000,12225829
,,152,|,6901,ި߰Ű,1490918,1862031,1490918,1862031
,,152,|,6904,TABICT,142290,243117,142290,243117
,,152,|,6905,߰,125227,126494,125227,126494
,,152,|,6906,دӰĩ,613832,640727,613832,640727
,,152,|,6912,݋s,1108296,925425,1108296,925425
,,152,|,6913,d,2484000,1265000,1242000,2507000
,,152,|,6914,ײď,1221345,1507695,1221345,1507695
,,152,|,6915,ެگ,2934576,1491820,1463724,2962672
,,152,|,6916,ò,286407,293955,286407,293955
,,152,|,6921,SBSz߰,21600,44000,21600,44000
,,152,|,6923,ر߼,378000,0,189000,189000
,,152,|,6933,݂Ȃ,380268,387310,380268,387310
,,152,|,6935,̫ï,0,230688,0,230688
,,152,|,6937,SCSK޽,1279815,1179746,1279815,1179746
,,152,|,6939,̫ѽ,468780,457492,926272,0
,,152,|,6942,a,1080000,1213445,1080000,1213445
,,152,|,6950,ܺѼݼƱ,572513,0,572513,0
,,152,|,6953,~׽Ѽު,2982106,0,2982106,0
,,152,|,6957,Ųïޱ۰,563760,574200,563760,574200
,,152,|,6958,C2S CREATEIVE,838512,305111,838512,305111
,,152,|,6960,ެ,3175200,1078000,1058400,3194800
,,152,|,6964,哌ذݸ,139536,243320,139536,243320
,,152,|,6967,ʼĖ,110160,0,110160,0
,,152,|,6968,߰Ċ,864000,880000,864000,880000
,,152,|,6969,۽߽,108000,110000,108000,110000
,,152,|,6975,ł񂫂,420703,425293,420703,425293
,,152,|,6976,O䕨Y̫,2268000,1980000,2268000,1980000
,,152,|,6977,IQVIAحݽ,17747664,8931919,8949786,17729797
,,152,|,6982,DATUM STUDIO,175586,226182,175586,226182
,,152,|,6983,ް,70610,82280,70610,82280
,,152,|,6986,{Ŀ,85860,90255,85860,90255
,,152,|,6990,׽,35200,35520,70720,0
,,152,|,6999,߽ƔN,0,390632,390632,0
,,152,|,6A07,,1062004,948241,1060891,949354
,,152,|,6A09,Oΰ޻޲,648000,611360,648000,611360
,,152,|,6A12,w,0,11143,0,11143
,,152,|,6A14,,734400,0,734400,0
,,152,|,6A16,,0,4070000,0,4070000
,,152,|,6A17,GMOȯć,165888,234960,165888,234960
,,152,|,6A18,IIJݼƱݸ,1069200,1089000,1069200,1089000
,,152,|,6A22,ޱҶƸ,1015200,1254000,1015200,1254000
,,152,|,6A26,ٷްǗw,42552,27775,42552,27775
,,152,|,6A31,Њy߰Ű,0,3326400,0,3326400
,,152,|,6A32,NTTް޼,1328049,0,1328049,0
,,152,|,6A36,ްިݥ,0,2310000,0,2310000
,,152,|,6A37,jk,239571,0,239571,0
,,152,|,6A39,dx,0,663674,0,663674
,,152,|,6A41,۰ް,0,1161600,0,1161600
,,152,|,6A42,۰,1596456,3277340,1596456,3277340
,,152,|,6A43,JB޽,324000,0,0,324000
,,152,|,6A46,Ǝΰިݸ,0,978000,648000,330000
,,152,|,6A49,ȑw,108540,253643,108540,253643
,,152,|,7003,yV޲,24081693,27305127,12213567,39173253
,,152,|,7008,yƐl,172261,91431,87692,176000
,,152,|,7013,ALLRise,120852,126654,120852,126654
,,152,|,7014,AMADEUS,0,63113,0,63113
,,152,|,7017,EPARK,868537,1074752,803445,1139844
,,152,|,7018,EPARK,102025,175544,102025,175544
,,152,|,7020,GOLUCK,443190,134180,133467,443903
,,152,|,7029,ISAO,259572,77814,259572,77814
,,152,|,7038,NHKo,162000,715046,162000,715046
,,152,|,7039,U-NEXT,813860,1209890,1224223,799527
,,152,|,7040,USENMed,276435,0,276435,0
,,152,|,7042,USENNET,19440,60598,38821,41217
,,152,|,7043,Wiz,399073,624454,399073,624454
,,152,|,7044,,1629584,1299729,1266594,1662719
,,152,|,7045,ׯ,896130,574310,371196,1099244
,,152,|,7048,ĺ,501370,781413,615958,666825
,,152,|,7050,ʐM,475964,591281,579536,487709
,,152,|,7051,è,9191148,9551339,9191148,9551339
,,152,|,7052,ĸł,935090,1010941,935090,1010941
,,152,|,7054,ݹݸސV,43200,44000,43200,44000
,,152,|,7055,ؽټ,316498,190857,316498,190857
,,152,|,7056,ذ,249573,309968,249573,309968
,,152,|,7057,޵,30888417,32431562,30888417,32431562
,,152,|,7060,ުЭ,634040,972484,634040,972484
,,152,|,7062,ٽ߰,2407876,959181,1324416,2042641
,,152,|,7063,ƽ,20898,29117,20898,29117
,,152,|,7064,,19872,58893,37152,41613
,,152,|,7065,ײ,89986,120714,120280,90420
,,152,|,7066,ذ,1651538,1393719,1651538,1393719
,,152,|,7067,ʲΰ,7055116,6960085,7055116,6960085
,,152,|,7068,ٴ,1676778,2032567,1676778,2032567
,,152,|,7069,۰Э,87524,59400,87524,59400
,,152,|,7070,޼Ƚ,154236,117180,154236,117180
,,152,|,7071,޼ޭ,228696,245785,228696,245785
,,152,|,7072,޼ޮ,138240,0,138240,0
,,152,|,7073,Ђ܂ł,525922,734640,525922,734640
,,152,|,7074,Ђ܂޼,165731,159306,165731,159306
,,152,|,7075,̧ΰ,54000,120755,125277,49478
,,152,|,7076,̧ذȯ,350047,308950,350047,308950
,,152,|,7077,̫,1212527,1232787,1212527,1232787
,,152,|,7078,׽,297766,271315,297766,271315
,,152,|,7079,ȼ,90140,0,90140,0
,,152,|,7080,߲,1190863,531661,1190863,531661
,,152,|,7081,ް,1985628,1007436,1027158,1965906
,,152,|,7082,Ӳ,4660714,4944913,4660714,4944913
,,152,|,7084,ʐM,239843,72974,239843,72974
,,152,|,7085,C,59400,60500,59400,60500
,,152,|,7086,ڲ,209056,177595,209056,177595
,,152,|,7087,}Э,675405,891056,675405,891056
,,152,|,7089,֓Mzŗm,0,154588,0,154588
,,152,|,7091,nua@,159413,164731,159413,164731
,,152,|,7092,OZFC,135000,137500,135000,137500
,,152,|,7095,Vw,266729,209548,266729,209548
,,152,|,7097,r`,435714,0,435714,0
,,152,|,7099,İ,0,142233,0,142233
,,152,|,7258,ުذ,644668,869753,644668,869753
,,152,|,7261,e-Mobility Pow,0,1422300,0,1422300
,,152,|,7263,ĩ۰,4320,6820,4320,6820
,,152,|,7264,ݽޥЭƹ,6480,3300,3240,6540
,,152,|,7271,è,0,131175,0,131175
,,152,|,7272,˭دӂ,0,776362,0,776362
,,152,|,7273,ѥ̥ݸ޻,0,660000,0,660000
,,152,|,7527,NOCЉیJ,1859112,1802636,1859112,1802636
,,152,|,7703,żفE,123571,161620,123571,161620
,,152,|,7735,ȯĲƼè,4341474,1894923,4341474,1894923
,,152,|,7752,̫ѓ{,46980,47850,46980,47850
,,152,|,7766,޽ȯć,46980,47850,46980,47850
,,152,|,7780,LNΰިݸ޽,648000,198000,0,846000
,,152,|,7875,ȯ,1728000,0,1728000,0
,,152,|,7887,߸,284463,411730,284463,411730
,,152,|,7939,USEN,44550055,202183,44439900,312338
,,152,|,8130,ظٰ,21368635,14990084,21365494,14993225
,,152,|,9021,߽޼,36522,0,0,36522
,,152,|,9038,߽RMS,249912,389602,249912,389602
,,152,|,9040,߽߰Ҳ,548786,369178,526916,391048
,,152,|,9042,߽ذ,2278109,2599842,2278109,2599842
,,152,|,9043,߽ިٻ,48558880,44432027,48633918,44356989
,,152,|,9048,̨,310643,357748,310643,357748
,,152,|,9049,߽,7891914,7207308,7891914,7207308
,,152,|,9051,ư߽ި,913868,927102,728992,1111978
,,152,|,9101,߽,186205434,163747516,173129120,176823830
,,152,|,9103,õ߽,41524463,34621126,41656686,34488903
,,152,|,9104,͵߽,12417198,11333556,12417198,11333556
,,152,|,9105,X߽,11489986,9191319,11512096,9169209
,,152,|,9115,߽ѽ,262437,405689,262437,405689
,,152,|,9116,߽ۼï,488969,438789,488969,438789
,,152,|,9118,߽ۑg,458868,452204,459732,451340
,,152,|,9121,߽Jg,831927,542033,873407,500553
,,152,|,9126,߽ިټ,2026189,1111271,1885599,1251861
,,152,|,9127,߽޲,421488,457451,421488,457451
,,152,|,9200,ITX,706742,1908249,1906648,708343
,,152,|,9201,۰گ,226746,200607,226746,200607
,,152,|,9203,ȯøݽ,318902,396308,318902,396308
,,152,|,9210,AVS,270064,296287,270064,296287
,,152,|,9215,رȯܰ,425879,369260,425879,369260
,,152,|,9219,èި,259289,178801,259289,178801
,,152,|,9998,NOC ̑,17581892,0,0,17581892
,,152,|,9999,OSS ̑,4871955,1796614,4504488,2164081
,,152,|,,v,881202366,720659087,756257633,845603820
,,152,|,,z(Ȗ - v),,,,0
